1950
1952
1959
1982
1991
1993
1995
2000
2001
2004
2005
2008
2009
2010
2011
2012
2013
2014
2015
2016
2017
2018
2019
2020
1971
1976
1977
1978
1988
N.V.
1953
1954
1955
1957
1960
1961
1962
1963
1964
1966
1967
1968
1969
1970
1972
1973
1974
1975
1979
1980
1981
1983
1984
1985
1986
1987
1989
1990
1992
1994
1996
1997
1998
1999
2002
2003
2006
2007
1951
1958
1965
1956
2021
1988
1989
1990
1991
1992
1993
1994
1995
1996
1997
1998
1999
2000
2001
2002
2003
2004
2005
2006
2007
2008
2009
2010
2011
2012
2013
2014
2015
2016
2017
2018
2019
2020
1950
1961
1970
1975
1979
1980
1952
1953
1955
1957
1958
1959
1960
1962
1963
1964
1966
1967
1968
1969
1971
1972
1973
1974
1976
1977
1978
1981
1982
1983
1984
1985
1986
1987
1965
1951
1956
1954
2021
